596972977743259947688474379486655786637395578865344844467769537365554898469487937296873827766589649547459244824799383424
369859943644325273493524869689583754252833354359497822367543586333754874966537275335259456276985975988242259947947593355
973554957769585754779622675849786239746678872667724985459276256339835729434937973274383562872474666763247759323552655762
273398229499599455475362229643769466638226482887765357742443923568665976237772593228543843296927926328238327685829457479
523558624000108358010188101197111010110001116710011111110051010094528101129799242111015835236510107366723935449257798854
694595547800007864011174110152011016824000112311010101110451011045850010199949651011110387839200119263634838328628789444
584564524790011890111473000148000002865010015532771001127480101082990011169494811001111177289611115668553445997349593687
549444488390000100101665110049010106110010008476340011163261010048671111164326000112411005848511006227762252279773757623
894252639724011010003658001046111003000107564752971111093991000039681011077860010082300111824910004383644883296733626838
484857443735501101096279000096111019400110435729950001143391000143840001194811000473560000044610114526388632825744949552
652955353645411010036846100077001047623110683658631010054420101001010100089111109470001001133200010000000005443995327953
265245742875621000787386410169201085562300173655490100064449011000111101149000084861111001053910100011000112792888433446
729595873723762262929333734933993475238458866249870010093449767652645533444723422967588772375479435873524392572928729455
872539963586832377959363222524269372625634862695280000097534111011000000378101934539010435011354001752385754358258344528
733852327399946936734752745693727974584798747698420112734590010011010001489011174531111860011020010584589929488384672644
586935836742427586837224528936498634755437244348220865369470101133327972542010115920100460001131010829695285582848284878
846979242673964439647757834434659749639659899374756727334531001107275223799301003600118560111020001929455374934954382645
444529288946699863292726892683264663385542272755829348553431100111111111766841011111006460100141110358879749339553787492
579763436976647249579736652295753748789635534566854743779530011049262379869831000000149550001150010948687848738522596226
662896589385257557979292639993559845979979988372933369758820010116569484948295001011765270100060100188568726362565296646
493922375929797427979353854752649348682657678225975552466771010011000110769622911006474770110191001010110000388527747423
786399329794574983543685658794586977325386288763966889726283287654852937583662429465962224577784629749955752777362687646
697747829227728697347264938253443235737259644264324642753225656484378648485442589556428237465889277255259799526964624796
664634573844599552462589334982279624285376728635653273479473858295463385537367576429939878435629848947428452884499474677
376634747837874923499348636255496342795227357528538924828629355367965328285778264234522923932652688633268938292995787736
458488766384229565555992975579922654428787655856672688574274232544482553343334777358547373679832624772567886979422833633
